
CoverageGaussian
0.9000 0.5985 0.9832 0.9017 0.1987
0.9500 0.6596 0.9912 0.9479 0.1987
0.9900 0.7860 0.9985 0.9908 0.1987

CoveragePinelis
0.9000 0.6826 0.9999 0.9993 0.1402
0.9500 0.7238 1.0000 0.9999 0.1402
0.9900 0.8091 1.0000 1.0000 0.1402

Phase
1.000e-05 126.0000 4.694e-16 0.0013 0.0013 0.0025
1.000e-04 126.0000 4.694e-16 0.0126 0.0126 0.0250
3.000e-04 16.2590 0.0183 0.0232 0.0378 3.530e-15
0.0010 13.2359 0.0203 0.0336 0.1260 7.947e-15
0.0030 3.5070 0.0357 0.0463 0.3780 1.942e-16
0.0100 2.0092 0.0464 0.0665 1.2600 5.838e-16
0.0300 1.1912 0.0613 0.0970 3.7800 1.982e-16
0.1000 1.0092 0.0716 0.1725 12.6000 3.103e-17

Scaling
0.1000 1.163e+04 833.3333 0.1163
0.0500 5.758e+05 2.667e+04 0.1799
0.0200 7.152e+07 2.604e+06 0.2289
0.0100 2.472e+09 8.333e+07 0.2472
0.0050 8.218e+10 2.667e+09 0.2568
ScalingSlope -5.2518

BratuBenchmark
Picard 16 17 0 0 0 0 0 0 1.0000 0 5.797e-10 2.457e-04 0
RRE 8 12 7 7 0 7 4 3 42.3292 0 3.039e-10 7.800e-04 0
Ridge-RRE 14 24 13 13 0 13 4 9 4.9914 0 4.193e-10 0.0014 0
Anderson 11 15 10 10 0 10 7 3 1.5844 0 4.019e-10 0.0011 0
Simplex-RRE 16 32 15 15 0 15 0 15 1.0000 0 5.797e-10 0.1214 0
RRPE 7 11 3 6 3 3 0 3 42.3291 0.2262 6.363e-10 0.1260 5.660e-07

LargeInexact
Picard 1000 12 13 1560 0 0 0 0 0 0 1.0000 1.5075 0.6954 0
Ridge-RRE 1000 12 24 2880 11 11 0 11 3 8 1.1548 1.5075 1.3093 0
RRPE 1000 12 24 2880 11 11 0 11 0 11 1.0000 1.5075 3.1706 7.105e-15

Noise
1.000e-10 4.723e-07 5.249e-08 1.433e-06 1.072e+04 1.072e-06
1.000e-08 6.004e-07 1.835e-07 4.658e-06 1.038e+04 1.038e-04
1.000e-06 3.969e-06 1.417e-06 8.031e-06 132.0128 1.320e-04
1.000e-05 5.687e-05 1.551e-05 1.675e-04 16.8361 1.684e-04
1.000e-04 0.0010 2.344e-04 0.0018 11.0592 0.0011

Ablation
RRE 126.0000 5.244e-13 0.0378
RRPE scalar 16.2590 0.0183 0.0232
RRPE columnwise 13.1349 0.0215 0.0278
No certification/simplex 1.0000 0.0728 0.0731
Empirical ridge 15.9188 0.0188 0.0236

SolverSummary 4127.0000 9.095e-12 0.0250 57.2128 67.0000
